8.52
6.08
5.85
8.69
20.2
16.36
9.08
13.53
3.21
13.19
37.96
9.25
16.42
4.42
17.94
11.57
9.09
31.01
12.4
12.44
24.35
8.11
27.36
21
11.99
7.35
8.08
12.48
7.66
17.86
12.82
10.43
31.28
10.71
8.96
26.98
19.67
33.44
12.3
7.21
14.35
14.92
21.26
7.17
12.32
7.74
27.47
16.58
22
20.44
13.68
7.93
8.38
18.79
4.85
8.18
5.58
21.13
9.54
16
11.94
11.99
9.46
26.21
8.21
10.59
7.99
7.22
12.36
11.65
11.59
19.22
18.17
11.18
32.76
19.21
13.07
23.43
22.41
13.47
21.66
14.94
11.88
16.93
12.52
11.52
12.66
9.77
18.03
17.56
7.94
6.67
9.59
19.66
13.65
12.52
8.58
13.86
15.26
19.92
17.05
23.65
13.42
11.6
16.18
12.63
19.18
11.72
19.3
18.65
19.52
8.72
19.32
10.6
16.29
7.91
5.59
7.06
18.83
8.51
16.11
6.73
26.28
11.85
13.36
34.84
19.28
13.87
14.05
22.31
9.21
38.18
12.16
10.4
13.13
20.34
11.35
21.26
