24.91
25.26
26.09
26.4
26.26
26.59
26.39
25.89
25.72
25.85
25.7
25.43
25.41
25.8
27.02
27.64
28
27.52
27.58
27.07
27.27
27.12
27.13
26.9
26.76
26.87
27.36
28.02
28.15
27.47
26.92
26.47
26.52
26.54
26.39
26.56
26.94
27.24
27.64
28.21
28.33
28.18
27.61
27.13
27.11
27.14
27
27.08
26.98
27.11
27.05
26.9
27.12
27.03
26.43
25.73
25.51
25.67
25.93
25.69
25.88
25.93
26.42
26.71
26.97
26.82
26.43
25.87
25.63
24.69
24.52
24.81
25.68
26.12
26.63
26.84
27.34
27.06
26.5
25.92
25.97
25.87
25.8
25.91
26.1
26.54
27.44
28.14
28.41
28.27
28.12
27.7
27.43
27.39
27.74
27.87
28.23
28.25
28.21
28.27
28.33
28.15
27.37
26.85
26.64
26.79
27.04
26.85
27.05
27.22
27.44
27.86
27.74
27.34
26.56
26.27
26.11
26.31
26.22
26.3
26.32
26.4
26.95
27.61
27.65
27.21
26.85
26.77
26.48
26.31
26.43
26.27
26.35
26.52
26.92
27.37
27.72
27.71
27.06
26.28
25.96
25.86
26.14
26.14
26.15
26.3
26.82
27.23
27.21
27.19
26.86
26.4
26.01
26.11
25.87
25.82
25.94
26.32
27.16
27.76
27.59
27.61
27.77
27.47
27.43
27.45
27.42
27.55
27.33
27.21
27.05
27.06
27.01
26.67
26.28
25.73
25.5
25.53
25.43
25.41
25.78
26.34
26.99
27.5
27.98
28.1
27.93
27.88
27.91
28.13
28.06
27.89
27.65
27.54
28.1
28.14
27.66
27.75
27.27
26.57
26.44
26.41
26.39
26.16
26.05
26.22
26.52
26.85
27.43
27.56
27
26.48
25.97
26.08
26.15
25.98
25.73
25.71
26.29
27.09
27.3
27.89
27.55
26.98
26.74
26.73
27.19
27.2
27.41
27.76
27.88
28.2
28.31
27.9
27.25
27.15
27.23
27.4
27.21
27.15
26.99
27.13
27.39
27.89
27.77
27.16
26.4
25.7
25.71
25.61
25.62
25.37
24.97
25.36
26.05
26.69
27.04
26.66
26.3
25.96
25.83
25.67
25.8
25.52
25.79
26.35
27.14
27.9
28.28
28.22
28.15
27.98
27.97
28.33
28.57
28.55
28.2
27.92
27.7
27.54
27.16
26.78
25.99
25.52
25.2
24.9
24.53
24.57
24.71
25.24
25.96
26.65
26.79
26.65
26.47
26.4
26.24
25.92
25.77
25.81
26.21
26.19
26.4
27.03
27.06
26.48
26.15
25.54
25.24
25.06
25.19
24.87
24.79
25.58
26.59
27.07
27.34
27.37
27.15
26.96
27.03
27.49
27.38
27.24
27.36
27.22
27.56
27.65
27.94
27.92
27.51
26.91
27.08
27.31
27.28
27.36
27.24
27.14
27.2
27.22
27.41
27.15
26.76
26.17
26.12
26.3
26.43
26.58
26.49
26.61
27.42
27.93
27.88
27.6
27.05
26.85
27.14
26.92
27.1
27.18
27.15
27.1
27.38
27.86
28.15
28.04
27.46
26.74
26.63
26.57
26.69
26.81
26.38
26.29
26.81
27.42
27.51
27.41
26.79
26.44
26.56
26.53
26.45
26.56
26.84
26.7
27.52
28.13
28.46
28.33
27.75
27.66
28.22
28.66
28.67
28.85
28.81
28.67
28.71
28.83
28.89
28.33
27.26
26.77
26.43
25.9
25.75
25.87
26.08
26.72
26.99
27.31
27.41
27.07
26.95
26.67
26.46
26.18
25.65
25.46
25.69
26.23
26.65
26.86
27.11
26.96
26.79
26.45
26.18
26.38
26.48
26.37
26.13
26.27
27.03
27.63
27.64
27.57
27.27
27.21
27.36
27.56
27.65
27.68
27.73
27.97
28.47
28.66
28.61
28.61
28.53
28.41
28.37
28.07
27.87
27.63
27.5
27.13
27.41
27.54
26.96
26.28
25.75
25.74
25.81
25.02
24.85
24.89
24.83
25.44
26.21
26.81
27.2
27.21
26.85
26.47
26.5
26.41
26.32
26.6
26.68
27.02
27.38
27.9
28.05
27.72
27.51
27.12
27.03
27.08
26.89
27.04
27.12
27.19
27.46
28.14
28.29
28.27
28.08
27.71
27.35
27.7
27.97
28.28
28.39
28.51
28.65
29.04
29
28.5
27.76
27.1
26.86
26.67
26.68
26.76
26.88
27.25
27.78
28.62
28.86
28.28
27.6
27.04
27.19
27.03
26.9
26.93
26.86
27
27.5
28.16
28.35
28.08
27.63
27.44
27.14
27.45
27.87
27.94
27.68
27.59
27.81
28.18
28
27.77
27.2
26.5
26.11
25.96
25.8
25.83
25.88
26.09
26.78
27.53
27.75
27.54
27.09
26.79
26.49
26.48
26.42
26.15
26.16
26.5
27.05
28.02
28.53
28.81
28.75
28.7
28.84
29.07
29.1
28.95
28.92
28.78
28.69
28.72
28.63
27.58
26.57
25.84
25.74
25.56
25.57
25.21
25.14
25.65
26.53
26.98
27.06
26.71
26.36
25.86
25.88
25.7
25.35
25.13
25.02
25.44
26.36
27.03
27.23
27.07
26.74
26.43
26.34
26.09
26.02
25.89
25.98
26.32
26.97
27.47
27.76
27.66
27.38
26.89
26.71
26.7
26.5
26.29
26.56
26.86
27.41
27.98
28.36
28.5
28.09
27.82
27.86
28.01
28.14
28.01
27.44
27.55
27.8
27.84
27.58
27.65
27.57
27.18
27.1
27.26
27.2
27.11
26.96
27.08
27.46
28
28.13
27.93
27.89
27.69
27.64
27.57
27.49
27.47
27.39
27.34
27.9
28.24
28.41
27.97
27.23
27.02
26.9
26.81
26.34
26.01
25.92
26.33
26.84
27.68
27.96
27.85
27.42
27.3
27.45
27.54
27.79
27.81
27.44
27.11
27.38
27.71
27.71
27.58
27
26.44
26.01
25.74
25.59
25.5
25.23
25.42
26.29
27
27.26
27.2
27.04
26.8
26.63
26.54
26.42
25.98
25.81
26.19
26.97
27.78
28.16
28.15
27.86
27.52
27.5
27.76
28.11
28.15
27.97
28
28.25
28.36
27.98
27.28
26.52
25.8
25.46
25.47
25.46
25.38
25.25
25.84
26.61
27.3
27.62
27.6
27.1
26.44
26.08
25.97
25.86
25.87
25.94
26.3
26.94
27.42
27.65
27.63
27.46
27.25
27.36
27.28
27.1
26.45
26.16
26.4
26.97
27.71
27.83
27.48
27.09
26.78
26.7
26.67
26.62
26.53
26.13
26.18
26.91
27.73
28.02
27.69
27.28
26.9
27.03
27.25
27.51
27.4
27.22
27.25
27.79
28.59
28.83
28.7
28.5
28.47
28.62
28.86
29.14
29.04
28.98