15.36
8.53
9.61
18.72
0.66
0.39
4.93
2.57
-0.11
9.06
12.59
13.2
4.54
13.2
9.39
17.25
3.97
-5.57
-4.16
5.1
10.09
10.1
22.23
8.27
8.51
12.18
6.33
1.16
-9.86
2.47
-3.7
-8.6
1.49
-2.18
8.11
-9.21
3.04
7.48
-5.56
-4.4
-15.18
-6.72
-7.46
-14.99
-7.84
-7.23
-5.65
-10.97
-1.74
-7.81
-6.92
-5.67
-7.04
-13.06
2.82
-1.45
-2.05
-2.21
-3.12
9.78
-11.86
9.26
0.93
-15.84
12.77
-15.3
-7.11
-7.67
-2.99
-3.42
-8.54
-8.24
1.97
-28.68
-0.11
-11.39
-14.03
2.3
1.22
-7.25
3.46
10.67
-2.59
0.07
12.92
0.13
14.12
14.5
-9.26
-6.34
-9.69
-14.95
-5.14
-15.62
-1.06
-3.53
-7.79
-2.4
-1.13
-3.54
-3.33
5.65
-4.57
2.19
1.61
5.94
9.63
14.68
13.97
21.38
12.37
4.87
-4.5
4.9
2.06
8.66
13.51
13.23
17.15
13.26
9.11
14.92
0.14
8.77
-5.53
-2.09
1.78
-4.45
3.45
-14.6
-6.74
-7.22
-9.52
-15.37
-11.08
14.44
9.98
2.43
20.08
18.22
25.52
18.2
16.42
27.03
19.97
22.56
21.29
25.73
1.72
1.58
10.37
2.03
11.42
8.37
12.99
22.98
9.88
2.37
2.92
-6.53
-2.74
-10.73
-1.03
-5.72
2.88
2.18
3.92
-6.13
-0.29
-3.8
11
0.66
7.82
13.25
7.78
-0.53
4.66
-2.26
9.89
0.47
12.3
-1.21
-13.13
8.09
4.26
-1.2
-3.35
-11.51
-6.98
-7.8
-9.54
-5.77
-7.8
0.54
-11.28
-3.4
-14.05
-11.85
-14.84
-20.14
-17.14
-20.1
-4.57
-1.85
-20.29
